%YAML:1.0
---
Sender ID: "192.168.43.233"
Paired With: "192.168.43.233"
Engage Flag: 1
Acknowledge Flag: 1
Close Flag: 0
Estimate: 12.3
