<?xml version="1.0"?>
<opencv_storage>
<calibration_time>"Sat Jan  1 04:39:19 2000"</calibration_time>
<nr_of_frames>25</nr_of_frames>
<image_width>752</image_width>
<image_height>480</image_height>
<board_width>8</board_width>
<board_height>6</board_height>
<square_size>25.</square_size>
<fix_aspect_ratio>1.</fix_aspect_ratio>
<!-- flags: +fix_aspectRatio +fix_principal_point +zero_tangent_dist +fix_k4 +fix_k5 -->
<flags>6158</flags>
<fisheye_model>0</fisheye_model>
<camera_matrix type_id="opencv-matrix">
  <rows>3</rows>
  <cols>3</cols>
  <dt>d</dt>
  <data>
    3.9429480377163770e+02 0. 3.7550000000000000e+02 0.
    3.9429480377163770e+02 2.3950000000000000e+02 0. 0. 1.</data></camera_matrix>
<distortion_coefficients type_id="opencv-matrix">
  <rows>5</rows>
  <cols>1</cols>
  <dt>d</dt>
  <data>
    -3.7663306194049456e-01 3.2803026750160968e-01 0. 0.
    -1.9996469574994283e-01</data></distortion_coefficients>
<avg_reprojection_error>6.3679836796409062e-01</avg_reprojection_error>
<per_view_reprojection_errors type_id="opencv-matrix">
  <rows>25</rows>
  <cols>1</cols>
  <dt>f</dt>
  <data>
    1.37745464e+00 5.73657751e-01 7.64817834e-01 6.19595587e-01
    5.27438104e-01 6.35526776e-01 6.55516505e-01 4.42358226e-01
    4.28628117e-01 5.83583713e-01 5.24950743e-01 6.54995263e-01
    6.70022786e-01 6.16149724e-01 4.26041424e-01 5.29849708e-01
    9.00943398e-01 7.20287681e-01 7.73093879e-01 3.97182792e-01
    5.32654524e-01 4.73062903e-01 4.39440787e-01 3.68673593e-01
    4.39135462e-01</data></per_view_reprojection_errors>
<!-- a set of 6-tuples (rotation vector + translation vector) for each view -->
<extrinsic_parameters type_id="opencv-matrix">
  <rows>25</rows>
  <cols>6</cols>
  <dt>d</dt>
  <data>
    4.1353673890387570e-02 4.5322696472731921e-01
    -2.1062274084922457e-02 -1.4392506782076418e+02
    -5.7492787827621598e+01 5.3445613419085873e+02
    1.4690012041644532e-01 -8.5754623964579991e-03
    7.6990326132861334e-03 -2.2195554048558660e+02
    -3.7231512514134423e+01 4.8743713967825403e+02
    4.2270390092485893e-01 2.4623185080603543e-01
    -6.8721112127265838e-02 -1.7299200648765358e+02
    -4.4342228365596867e+01 4.5696439344090840e+02
    2.3163912384241472e-01 -1.1700942538534584e-01
    -4.4847798023300127e-02 -2.3571251707136463e+02
    -3.9124004176201950e+01 4.4240316760381722e+02
    6.0783253020437877e-01 -5.2691530855137469e-01
    4.3146260328845887e-02 -2.3745063155722312e+02
    -1.3533566571745189e+02 4.0253508813978834e+02
    -2.4529273341069488e-01 -2.1491795170939423e-01
    -1.5638251047925471e-02 -2.3858875961028474e+02
    3.2302754684281204e+01 4.5905432046364308e+02
    -9.1892161192361793e-02 5.9712270170703852e-01
    9.7896603101079588e-02 -6.0059328664829657e+01
    2.2664030423705110e+01 4.6268724772866614e+02 4.0125627860272500e-01
    2.7602748338372363e-01 -1.1537338684056935e+00
    -1.5253886640731122e+02 1.3161475465970350e+01
    4.7363086267478957e+02 2.7586017756948189e-01 1.3797908059420506e-02
    -1.4876529174533644e+00 -1.5384687873714645e+02
    1.0333194408492206e+02 4.6941790035456313e+02 4.5899952421927687e-01
    -3.2047074752753829e-01 -1.3428587649820458e+00
    -2.8098053387857124e+02 9.2255873291916956e+01
    4.0185853347717557e+02 4.5502165652971865e-01
    -1.3931193595638217e-01 -1.4525177767025523e+00
    -1.6491400166751259e+02 9.6120529907861240e+01
    4.2665313195199326e+02 -2.0819538862057196e-01
    5.1086558648474190e-01 -1.1482445228532323e+00
    -9.3888247032239903e+01 5.9256105154555534e+01
    4.6183536499920035e+02 1.4780017896505454e-01 5.5803946407615179e-01
    -8.0831135340659416e-02 -1.1058709068481420e+02
    -7.3591360301237046e+01 4.5252256192529649e+02
    8.3539215943209011e-02 -5.0398440229240622e-02
    -2.6164971629614172e-02 -2.0134743714043293e+02
    -1.9162434678384084e+01 4.3212596371335638e+02
    -5.7230493452577558e-01 1.4178194997498808e-01
    5.2816379386669658e-02 -1.4580895622667515e+02
    9.0040409329179468e+01 5.1274542490098474e+02
    -3.0202486493365394e-01 2.4715157085710329e-01
    7.2476995265529309e-01 -6.6480126072480644e+01
    4.7433735721263027e+01 4.8711386288374774e+02
    -2.9891993829959745e-01 2.5532041530053301e-01
    4.6940224363459088e-01 -8.4900458320667127e+01
    -2.0486940137155340e+01 3.5058739308616009e+02
    3.3590835666386842e-01 1.2573028309111625e-01
    -7.1303877412714534e-01 -2.1218105908513991e+02
    4.9735338543063383e+00 3.6296293998096888e+02 6.3071702745168512e-01
    -2.4851286459454655e-01 -1.3448298483404324e+00
    -2.5086862879379404e+02 4.6442306686952463e+01
    3.4132190905236212e+02 -4.6124288418198295e-01
    -2.2564139418583612e-01 1.4627807616272595e+00
    -1.7662458001014400e+02 -7.6798158856468476e+01
    4.7141086197975642e+02 2.7635799428184848e-01
    -1.8993076361532218e-01 -1.0691073830426645e+00
    -1.9462807951563454e+02 8.0423651227223758e+01
    4.3072222147447371e+02 2.5425994539489871e-01 2.3365416151393947e-01
    -1.8031021725329088e-01 -1.1066136234848732e+02
    5.3161796295674106e+00 4.8187216396896360e+02 9.9590899413442610e-02
    1.3939197397837538e-01 2.3236995460687540e-02
    -1.3557668032920816e+02 4.8666666833604317e+01
    5.2129796665436504e+02 1.1578019233048853e-01
    -1.2014364858488331e-01 -3.5560913338919573e-02
    -1.9197725210203643e+02 4.8498517007304613e+01
    5.6453021378336996e+02 1.9505280194583069e-01
    -2.0118226848265516e-01 -2.4104176171451677e-02
    -2.3532423063170262e+02 -8.2962002242628373e+01
    5.5783605777306695e+02</data></extrinsic_parameters>
