%YAML:1.0
---
Target ID: 3
tvecs:
   - [ 1.1717152408712674e-01, 2.7430505311817215e-02,
       3.5811603054360230e-01 ]
rvecs:
   - [ 2.5818809902667335e+00, 1.4185836548697214e-01,
       -5.7497141027401255e-01 ]
