%YAML:1.0
---
Target ID: 14
tvecs:
   - [ 7.5405810665819277e-03, 4.5788494763379775e-02,
       5.3537709364241559e-01 ]
rvecs:
   - [ 2.9082232388896467e+00, 1.4383985024194110e-01,
       1.5195133366784123e-02 ]
